[[[0,[4,5]],[0,0]],[[[4,5],[2,6]],[9,5]]]
[[[[5,7],[5,0]],[[0,7],[6,0]]],[[[0,5],[5,5]],[[5,5],[0,6]]]]
[[[[0,7],[6,7]],[[0,5],[5,0]]],[[[8,0],[8,6]],[[0,8],[8,0]]]]
[[[[0,7],[9,5]],[[8,7],[0,8]]],[[[6,7],[0,6]],[[0,5],[5,0]]]]
[[[[6,6],[7,0]],[[5,7],[0,5]]],[7,[8,[9,0]]]]
[[[[7,9],[7,0]],[[6,0],[7,9]]],[[2,[2,2]],[8,[8,1]]]]
[[[[6,6],[7,0]],[[9,7],[0,9]]],[3,9]]
[[[[0,6],[7,0]],[[6,6],9]],[[[6,6],5],[[0,8],[6,0]]]]
[[[[0,7],[0,7]],[[0,7],[0,7]]],[[[0,6],[5,6]],1]]
[[[[5,7],[7,0]],[[0,6],7]],[[[0,4],6],[8,7]]]
[(),(),(),(),(),(),(),(),(),()]
